[gd_scene load_steps=12 format=2]

[ext_resource path="res://07_rope3d/rope.gd" type="Script" id=1]
[ext_resource path="res://addons/verlet_rope_gd/DefaultRope.material" type="Material" id=2]
[ext_resource path="res://07_rope3d/rod.gd" type="Script" id=3]

[sub_resource type="PlaneMesh" id=1]
size = Vector2( 20, 20 )

[sub_resource type="SpatialMaterial" id=2]
albedo_color = Color( 1, 0.862745, 0.862745, 1 )
metallic = 0.8

[sub_resource type="CubeMesh" id=3]
size = Vector3( 0.1, 3, 0.1 )

[sub_resource type="BoxShape" id=10]
extents = Vector3( 0.05, 1.5, 0.05 )

[sub_resource type="SphereMesh" id=6]
radius = 0.1
height = 0.2

[sub_resource type="SphereShape" id=7]
radius = 0.12696

[sub_resource type="Animation" id=11]
resource_name = "New Anim"
length = 10.0
loop = true
tracks/0/type = "value"
tracks/0/path = NodePath("RodRoot:rotation_degrees")
tracks/0/interp = 1
tracks/0/loop_wrap = true
tracks/0/imported = false
tracks/0/enabled = true
tracks/0/keys = {
"times": PoolRealArray( 0, 2.5, 6 ),
"transitions": PoolRealArray( 1, 1, 1 ),
"update": 0,
"values": [ Vector3( -48.81, 0, 0 ), Vector3( -47.633, 38.138, 0 ), Vector3( -47.633, -48.998, 0 ) ]
}

[sub_resource type="Animation" id=12]
length = 0.001
tracks/0/type = "value"
tracks/0/path = NodePath("RodRoot:rotation_degrees")
tracks/0/interp = 1
tracks/0/loop_wrap = true
tracks/0/imported = false
tracks/0/enabled = true
tracks/0/keys = {
"times": PoolRealArray( 0 ),
"transitions": PoolRealArray( 1 ),
"update": 0,
"values": [ Vector3( -48.81, 0, 0 ) ]
}

[node name="Spatial" type="Spatial"]
script = ExtResource( 3 )

[node name="MeshInstance" type="MeshInstance" parent="."]
mesh = SubResource( 1 )
material/0 = SubResource( 2 )

[node name="RodRoot" type="StaticBody" parent="."]
transform = Transform( 1, 0, 0, 0, 0.658558, 0.75253, 0, -0.75253, 0.658558, 0, 2.52402, -1.06016 )

[node name="Rod" type="MeshInstance" parent="RodRoot"]
mesh = SubResource( 3 )
skeleton = NodePath("../..")

[node name="CollisionShape" type="CollisionShape" parent="RodRoot"]
shape = SubResource( 10 )

[node name="ImmediateGeometry" type="ImmediateGeometry" parent="RodRoot"]
transform = Transform( 1, 0, 0, 0, 0.658558, -0.75253, 0, 0.75253, 0.658558, 0, 1.43475, 0.0091908 )
material_override = ExtResource( 2 )
script = ExtResource( 1 )
attach_end_to = NodePath("../../Node/RigidBody")
rope_length = 0.1
simulation_particles = 80
iterations = 17
preprocess_iterations = 8
stiffness = 1.5

[node name="PinJoint" type="PinJoint" parent="RodRoot"]
transform = Transform( 1, 0, 0, 0, -0.686339, 0.727282, 0, -0.727282, -0.686339, 0, 1.48547, -0.0664496 )
nodes/node_a = NodePath("..")
nodes/node_b = NodePath("../../Node/RigidBody")
params/impulse_clamp = 1.0

[node name="Camera" type="Camera" parent="."]
transform = Transform( 0.227314, -0.509719, 0.829768, 0, 0.852074, 0.523421, -0.973822, -0.118981, 0.193689, 2.37969, 3.84165, -1.62973 )

[node name="Node" type="Node" parent="."]

[node name="RigidBody" type="RigidBody" parent="Node"]
transform = Transform( 1, 0, 0, 0, 1, 0, 0, 0, 1, 0, 3.50484, -4.36495 )
mass = 15.0

[node name="MeshInstance2" type="MeshInstance" parent="Node/RigidBody"]
mesh = SubResource( 6 )
skeleton = NodePath("../../..")

[node name="CollisionShape" type="CollisionShape" parent="Node/RigidBody"]
shape = SubResource( 7 )

[node name="AnimationPlayer" type="AnimationPlayer" parent="."]
"anims/New Anim" = SubResource( 11 )
anims/RESET = SubResource( 12 )
